5.9,3.0,5.1,1.8,Iris-virginica 1.923532433208757E-36 0.01531916203797665 0.0 
6.2,3.4,5.4,2.3,Iris-virginica 1.77432381423268E-154 2.1897367996109587E-6 0.0 
6.5,3.0,5.2,2.0,Iris-virginica 3.1913696461888347E-72 10.660224830875517 0.0 
6.3,2.5,5.0,1.9,Iris-virginica 4.3463176110523814E-52 1.5738288220415993E-5 0.0 
6.7,3.0,5.2,2.3,Iris-virginica 3.65112481103353E-146 0.011608469261337339 0.0 
6.7,3.3,5.7,2.5,Iris-virginica 1.631790741764292E-220 1.4505942783146158E-10 0.0 
6.8,3.2,5.9,2.3,Iris-virginica 3.902812849072765E-158 9.403684253814708E-4 0.0 
5.8,2.7,5.1,1.9,Iris-virginica 7.148755360691247E-51 0.006678222176666303 0.0 
6.9,3.1,5.1,2.3,Iris-virginica 9.576424857909511E-148 0.0027154193523897504 0.0 
6.7,3.1,5.6,2.4,Iris-virginica 5.604643641648439E-182 2.9411713050037615E-5 0.0 
6.9,3.1,5.4,2.1,Iris-virginica 8.206077845507345E-99 4.375868533268119 0.0 
6.0,3.0,4.8,1.8,Iris-virginica 1.5664304347619734E-34 0.0030297679305755355 0.0 
6.4,3.1,5.5,1.8,Iris-virginica 2.7456189028874017E-42 0.09216482739912096 0.0 
6.3,3.4,5.6,2.4,Iris-virginica 2.950973080951818E-187 8.122360840292074E-9 0.0 
7.7,3.0,6.1,2.3,Iris-virginica 8.101581779525204E-166 8.752878244611683E-5 0.0 
6.1,2.6,5.6,1.4,Iris-virginica 1.3059123538479877E-8 3.557508408010267E-18 0.0 
6.3,2.8,5.1,1.5,Iris-virginica 6.610519510945346E-7 1.3867213959623809E-11 0.0 
6.4,2.8,5.6,2.2,Iris-virginica 1.1004037940750687E-120 0.3097770542197093 0.0 
7.9,3.8,6.4,2.0,Iris-virginica 3.869950312698414E-124 9.123079118267948E-18 0.0 
7.4,2.8,6.1,1.9,Iris-virginica 5.655889995613494E-70 0.029787301504363504 0.0 
7.2,3.0,5.8,1.6,Iris-virginica 3.908271782271338E-27 3.078398309732118E-7 0.0 
6.4,2.8,5.6,2.1,Iris-virginica 2.551204740791447E-96 2.995713993945843 0.0 
6.1,3.0,4.9,1.8,Iris-virginica 3.7594189049262594E-35 0.009383943835617425 0.0 
6.2,2.8,4.8,1.8,Iris-virginica 1.5795230308975776E-33 0.0013571888792076822 0.0 
7.2,3.2,6.0,1.8,Iris-virginica 2.260165271867732E-55 0.0018929939038066057 0.0 
6.7,3.3,5.7,2.1,Iris-virginica 2.6006563005601693E-105 0.07441528629828278 0.0 
6.3,2.7,4.9,1.8,Iris-virginica 2.2806389586278444E-34 4.2841039036987873E-4 0.0 
7.7,2.8,6.7,2.0,Iris-virginica 2.0361920194597298E-103 6.306236563165828E-5 0.0 
5.6,2.8,4.9,2.0,Iris-virginica 3.6989381352557212E-68 0.021664557602859208 0.0 
6.9,3.2,5.7,2.3,Iris-virginica 7.337457987560798E-156 0.0013886558040531595 0.0 
6.0,2.2,5.0,1.5,Iris-virginica 2.550815074491763E-13 4.40998877284684E-24 0.0 
7.7,2.6,6.9,2.3,Iris-virginica 7.064819161299282E-182 2.167079841633591E-11 0.0 
7.7,3.8,6.7,2.2,Iris-virginica 6.5737869805846945E-174 9.886836651041553E-20 0.0 
6.5,3.0,5.5,1.8,Iris-virginica 2.6124142516834853E-41 0.20914843052556933 0.0 
6.4,3.2,5.3,2.3,Iris-virginica 5.491129128775487E-149 0.001339530085000422 0.0 
5.8,2.8,5.1,2.4,Iris-virginica 1.3229336602257649E-172 6.820939153773472E-7 0.0 
5.7,2.5,5.0,2.0,Iris-virginica 2.7004001307582064E-70 6.685637410978765E-6 0.0 
6.8,3.0,5.5,2.1,Iris-virginica 4.995717658944842E-98 12.049466171062814 0.0 
6.4,2.7,5.3,1.9,Iris-virginica 3.047009692781493E-53 0.0949852049059817 0.0 
6.5,3.2,5.1,2.0,Iris-virginica 1.7837450647692984E-74 0.6002443368252229 0.0 
7.2,3.6,6.1,2.5,Iris-virginica 2.4279075435314213E-239 1.0295091741890971E-17 0.0 
6.7,2.5,5.8,1.8,Iris-virginica 1.7275085336943616E-46 3.07836141430922E-6 0.0 
7.3,2.9,6.3,1.8,Iris-virginica 1.5003643970766133E-57 0.0014885718771995367 0.0 
4.9,2.5,4.5,1.7,Iris-virginica 8.82052815534515E-25 6.675726665887751E-15 0.0 
7.6,3.0,6.6,2.1,Iris-virginica 9.916756129407336E-123 0.0011394211329448837 0.0 
6.5,3.0,5.8,2.2,Iris-virginica 6.770684275961581E-125 1.008461233455678 0.0 
6.3,2.9,5.6,1.8,Iris-virginica 4.4803616875361113E-41 0.1309482844681399 0.0 
7.1,3.0,5.9,2.1,Iris-virginica 2.623656893387884E-105 3.104834718859184 0.0 
5.8,2.7,5.1,1.9,Iris-virginica 7.148755360691247E-51 0.006678222176666303 0.0 
6.3,3.3,6.0,2.5,Iris-virginica 1.6829448679544016E-223 4.250399178387891E-11 0.0 
5.7,2.8,4.1,1.3,Iris-versicolor 39.292155814902905 3.767304132622905E-27 0.0 
5.1,2.5,3.0,1.1,Iris-versicolor 1.4865209668336767E-17 4.766798837006955E-57 0.0 
6.2,2.9,4.3,1.3,Iris-versicolor 19.40472588472701 1.9711801954077885E-24 0.0 
5.7,2.9,4.2,1.3,Iris-versicolor 21.04870032161101 5.994948974083126E-26 0.0 
5.7,3.0,4.2,1.2,Iris-versicolor 0.017237963695888033 5.141639754898999E-32 0.0 
5.6,2.7,4.2,1.3,Iris-versicolor 26.3546475218934 1.1575020725724338E-27 0.0 
5.0,2.3,3.3,1.0,Iris-versicolor 1.2126612003991372E-26 1.619991420512161E-66 0.0 
5.8,2.6,4.0,1.2,Iris-versicolor 0.04148067250990072 4.14717434005597E-36 0.0 
6.1,3.0,4.6,1.4,Iris-versicolor 0.2220648251840269 1.8098258268877225E-17 0.0 
5.5,2.6,4.4,1.2,Iris-versicolor 0.01967228187756393 2.988313803534659E-34 0.0 
5.5,2.5,4.0,1.3,Iris-versicolor 0.19612846626566133 1.713588816926494E-32 0.0 
5.6,3.0,4.1,1.3,Iris-versicolor 1.5832771748799879 8.616087096845421E-27 0.0 
6.3,2.3,4.4,1.3,Iris-versicolor 1.7678722237749579E-4 3.917298739913985E-33 0.0 
6.7,3.1,4.7,1.5,Iris-versicolor 1.7332880200557952E-8 1.858417759981005E-12 0.0 
6.0,3.4,4.5,1.6,Iris-versicolor 2.378740260655598E-19 1.5910135467823948E-13 0.0 
5.4,3.0,4.5,1.5,Iris-versicolor 1.3164751061915107E-5 5.300957630436634E-15 0.0 
6.0,2.7,5.1,1.6,Iris-versicolor 3.253755407131192E-13 4.2167227832242345E-9 0.0 
5.8,2.7,3.9,1.2,Iris-versicolor 0.07762342648846748 1.5537825876016824E-35 0.0 
5.5,2.4,3.7,1.0,Iris-versicolor 1.11378815939448E-19 4.669968613753244E-58 0.0 
5.5,2.4,3.8,1.1,Iris-versicolor 4.796633117710575E-11 2.0142185835332874E-49 0.0 
5.7,2.6,3.5,1.0,Iris-versicolor 5.876262625171989E-18 1.8883778666305533E-55 0.0 
6.0,2.9,4.5,1.5,Iris-versicolor 7.259486467415953E-4 1.2522181814928581E-13 0.0 
6.7,3.0,5.0,1.7,Iris-versicolor 5.002181627694581E-25 2.4231607142412328E-4 0.0 
6.8,2.8,4.8,1.4,Iris-versicolor 0.0028242427479391206 5.453471384069518E-17 0.0 
6.6,3.0,4.4,1.4,Iris-versicolor 0.029716004432766226 3.641119906993381E-18 0.0 
6.4,2.9,4.3,1.3,Iris-versicolor 6.670409162599762 2.844728010898482E-24 0.0 
6.1,2.8,4.7,1.2,Iris-versicolor 0.04568163755619323 3.4614699975730796E-29 0.0 
6.3,2.5,4.9,1.5,Iris-versicolor 3.264883642853037E-7 3.4705399386000134E-16 0.0 
6.1,2.8,4.0,1.3,Iris-versicolor 30.994341186569788 4.027987503798644E-27 0.0 
5.9,3.2,4.8,1.8,Iris-versicolor 1.3359617029509217E-37 1.7842382158259662E-4 0.0 
5.6,2.5,3.9,1.1,Iris-versicolor 6.301526976250124E-9 4.086944913177265E-46 0.0 
6.2,2.2,4.5,1.5,Iris-versicolor 2.950384101644079E-11 9.116224541970826E-26 0.0 
5.8,2.7,4.1,1.0,Iris-versicolor 1.015946474881284E-14 9.686493444735427E-49 0.0 
5.6,3.0,4.5,1.5,Iris-versicolor 4.730417305871137E-5 2.119379923794706E-14 0.0 
6.7,3.1,4.4,1.4,Iris-versicolor 5.156090280545691E-4 1.684093649324585E-18 0.0 
5.6,2.9,3.6,1.3,Iris-versicolor 0.13735337028041528 4.8640224505292695E-31 0.0 
6.1,2.9,4.7,1.4,Iris-versicolor 0.6671995381679221 3.953310020654069E-17 0.0 
6.0,2.2,4.0,1.0,Iris-versicolor 2.4893005039097857E-22 4.804517095468245E-60 0.0 
5.9,3.0,4.2,1.5,Iris-versicolor 1.908796402034279E-4 1.8361047060325727E-15 0.0 
5.0,2.0,3.5,1.0,Iris-versicolor 1.0102150335734567E-33 9.39974524700402E-75 0.0 
5.2,2.7,3.9,1.4,Iris-versicolor 0.0576954653684197 8.416689861195775E-26 0.0 
6.6,2.9,4.6,1.3,Iris-versicolor 0.37754235574589434 1.3006045662929957E-22 0.0 
4.9,2.4,3.3,1.0,Iris-versicolor 2.5964594363273946E-25 2.3179995053287374E-64 0.0 
6.3,3.3,4.7,1.6,Iris-versicolor 1.1007293968253368E-17 1.1615701586775954E-10 0.0 
5.7,2.8,4.5,1.3,Iris-versicolor 27.920354795281128 1.040045061804567E-24 0.0 
6.5,2.8,4.6,1.5,Iris-versicolor 9.224065438118991E-5 3.428675872547223E-13 0.0 
5.5,2.3,4.0,1.3,Iris-versicolor 6.940806765263787E-5 2.720555826084133E-37 0.0 
6.9,3.1,4.9,1.5,Iris-versicolor 1.369276970207903E-10 7.672847248265763E-12 0.0 
6.4,3.2,4.5,1.5,Iris-versicolor 1.8651192116628183E-8 3.7478561871915276E-14 0.0 
7.0,3.2,4.7,1.4,Iris-versicolor 2.4352835664496007E-8 5.4751101977116756E-18 0.0 
5.0,3.3,1.4,0.2,Iris-setosa 1.9496096829956602E-233 1.4730167484291795E-179 0.12193325238144972 
5.3,3.7,1.5,0.2,Iris-setosa 6.026851211391183E-243 3.672697621373614E-185 0.006538494519110128 
4.6,3.2,1.4,0.2,Iris-setosa 4.3039983330047183E-234 2.2073948294615944E-180 2.0513399017797938E-4 
5.1,3.8,1.6,0.2,Iris-setosa 6.098757097074698E-246 3.1897675577103326E-187 8.893609442425668E-7 
4.8,3.0,1.4,0.3,Iris-setosa 1.2685879397377148E-197 3.597254224966546E-164 4.857584778478446E-6 
5.1,3.8,1.9,0.4,Iris-setosa 2.7863436180793343E-178 3.140574273045891E-154 6.392415153449556E-88 
5.0,3.5,1.6,0.6,Iris-setosa 1.1430624636779282E-124 1.7578546352758913E-127 9.547191075774605E-219 
4.4,3.2,1.3,0.2,Iris-setosa 1.2752113466946406E-238 1.3825889015016374E-183 4.572213477749286E-13 
4.5,2.3,1.3,0.3,Iris-setosa 1.0700970784433973E-206 2.619936033457324E-177 2.1700324668359562E-26 
5.0,3.5,1.3,0.3,Iris-setosa 3.401196219175922E-210 4.703717378415874E-171 2.6425187122944124E-9 
5.1,3.4,1.5,0.2,Iris-setosa 5.694070290813832E-233 1.0498682843441353E-178 0.6332921088874153 
4.4,3.0,1.3,0.2,Iris-setosa 1.526221750163037E-235 1.563819932079882E-182 1.9752045053247375E-14 
4.9,3.1,1.5,0.1,Iris-setosa 3.1988827866985883E-262 4.957360510932593E-191 3.232389851277851E-34 
5.5,3.5,1.3,0.2,Iris-setosa 7.94231333041348E-240 2.562176015743712E-183 7.983211604007155E-11 
5.0,3.2,1.2,0.2,Iris-setosa 1.0921359538161879E-236 1.5030618853757774E-182 2.2983964470737686E-18 
4.9,3.1,1.5,0.1,Iris-setosa 3.1988827866985883E-262 4.957360510932593E-191 3.232389851277851E-34 
5.5,4.2,1.4,0.2,Iris-setosa 2.1938182000681975E-272 6.633664872541129E-207 1.2643743501658082E-11 
5.2,4.1,1.5,0.1,Iris-setosa 3.087350633846419E-299 6.328556694978469E-216 1.652452663339118E-38 
5.4,3.4,1.5,0.4,Iris-setosa 5.531595998495418E-171 3.673198007345979E-150 2.0918811274581659E-41 
4.8,3.1,1.6,0.2,Iris-setosa 1.259165706467449E-225 1.1861384739354027E-174 8.66082007585177E-7 
4.7,3.2,1.6,0.2,Iris-setosa 3.7356624917280954E-228 6.76073845979937E-176 5.789915806482122E-7 
5.2,3.4,1.4,0.2,Iris-setosa 4.4680202825088944E-235 2.626955660659979E-180 0.048009506579220124 
5.2,3.5,1.5,0.2,Iris-setosa 1.2156711394502662E-235 2.6849437613443657E-180 0.20471370418727924 
5.0,3.4,1.6,0.4,Iris-setosa 2.40278620695378E-170 9.552187531423216E-150 2.008879910510595E-43 
5.0,3.0,1.6,0.2,Iris-setosa 5.319052800630055E-223 2.1164852076861084E-173 5.875102392287099E-7 
4.8,3.4,1.9,0.2,Iris-setosa 2.3320328305389923E-225 1.4866853167891652E-172 1.630663722031635E-48 
5.1,3.3,1.7,0.5,Iris-setosa 9.405722554663785E-139 2.5355350959229992E-133 1.7215672133323013E-123 
4.6,3.6,1.0,0.2,Iris-setosa 3.3878664029057316E-257 5.434653672242928E-196 6.047531263678534E-57 
5.1,3.7,1.5,0.4,Iris-setosa 3.302294392212483E-183 1.7016307038122178E-158 4.12188243001976E-40 
5.4,3.4,1.7,0.2,Iris-setosa 1.0005099081182441E-226 9.637397607449094E-174 1.2220266138207672E-16 
5.1,3.8,1.5,0.3,Iris-setosa 1.2264674896001745E-216 4.6482493042291967E-175 1.5344200963541548E-4 
5.7,3.8,1.7,0.3,Iris-setosa 1.1779609490249323E-209 3.100330319906651E-169 4.909014119831031E-25 
5.1,3.5,1.4,0.3,Iris-setosa 6.234299726876155E-207 1.399555896319438E-168 9.565595194212412E-4 
5.4,3.9,1.3,0.4,Iris-setosa 8.276618237070729E-197 2.4393774781721E-168 2.790920864138956E-50 
5.7,4.4,1.5,0.4,Iris-setosa 6.037102337628039E-223 5.1835322064333137E-188 1.58117169197965E-56 
5.8,4.0,1.2,0.2,Iris-setosa 6.352468720119177E-265 7.405736264720974E-201 1.011221322706334E-30 
4.3,3.0,1.1,0.1,Iris-setosa 5.295969706099208E-277 2.6528958436417846E-202 7.177691801719645E-75 
4.8,3.0,1.4,0.1,Iris-setosa 3.2584488960737362E-264 3.4107251498250694E-193 3.669157393943706E-36 
4.8,3.4,1.6,0.2,Iris-setosa 2.423087707284319E-232 4.09879469676708E-178 1.0444131706939995E-5 
5.4,3.7,1.5,0.2,Iris-setosa 1.4235993935490703E-242 8.079798794428036E-185 6.42449251020947E-4 
4.9,3.1,1.5,0.1,Iris-setosa 3.1988827866985883E-262 4.957360510932593E-191 3.232389851277851E-34 
4.4,2.9,1.4,0.2,Iris-setosa 5.270267732948282E-232 1.386792257057596E-180 9.530449551622154E-10 
5.0,3.4,1.5,0.2,Iris-setosa 1.5524501167143497E-233 3.942241110303971E-179 0.8520952152256992 
4.6,3.4,1.4,0.3,Iris-setosa 3.2139931799893876E-207 5.399792162554743E-169 5.815728268087138E-6 
5.4,3.9,1.7,0.4,Iris-setosa 1.4335496477251513E-186 1.938447043456483E-160 1.8257381858476117E-57 
5.0,3.6,1.4,0.2,Iris-setosa 5.970625847895638E-243 1.579101974998456E-185 0.07588531050985411 
4.6,3.1,1.5,0.2,Iris-setosa 1.0282165204955307E-229 1.1996880609548218E-177 2.726013783178338E-4 
4.7,3.2,1.3,0.2,Iris-setosa 5.679850487141708E-236 6.78811630540295E-182 4.647814466723915E-9 
4.9,3.0,1.4,0.2,Iris-setosa 9.515828565707042E-229 8.365220332363384E-178 0.0015744747712920892 
5.1,3.5,1.4,0.2,Iris-setosa 9.508309487142422E-239 1.0759382817761047E-182 0.1082616829456071 
